Depot,Objective weight,N_Drones, ROI, Profit, Costs, Revenue, Initial Costs
centre depot,-0.1,6.0, 559.52, 745464.86, 1616085.14, 2361550.00, 133234.00,109.0
centre depot,-0.1,7.0, 768.01, 1133572.41, 1658221.34, 2791793.75, 147598.00,124.0
centre depot,-0.1,8.0, 788.87, 1277671.29, 1697534.96, 2975206.25, 161962.00,133.0
centre depot,-0.1,9.0, 698.09, 1230917.43, 1733338.82, 2964256.25, 176326.00,135.0
centre depot,-0.1,10.0, 662.68, 1263667.00, 1770851.75, 3034518.75, 190690.00,140.0
centre depot,-0.1,11.0, 694.84, 1424805.14, 1809094.86, 3233900.00, 205054.00,147.0
centre depot,-0.1,12.0, 657.32, 1442285.30, 1844539.70, 3286825.00, 219418.00,148.0
centre depot,-0.1,13.0, 705.71, 1649815.08, 1884753.67, 3534568.75, 233782.00,159.0
centre depot,-0.1,14.0, 658.83, 1634865.03, 1919778.72, 3554643.75, 248146.00,159.0
centre depot,-0.1,15.0, 642.27, 1686034.76, 1957121.49, 3643156.25, 262510.00,164.0
centre depot,-0.1,16.0, 695.42, 1925441.27, 1997852.48, 3923293.75, 276874.00,176.0
centre depot,-0.1,17.0, 587.78, 1711833.62, 2029416.38, 3741250.00, 291238.00,169.0
