Depot,X,Y,Objective weight,N_Drones, ROI, Profit, Costs, Revenue, Initial Costs, Orders Delivered
depot_180_280,180,280,-0.3,10.0,1164.61,2220788.66,1754061.34,3974850.00,190690.00,181.0
depot_180_300,180,300,-0.3,10.0,1126.98,2149031.27,1762856.23,3911887.50,190690.00,179.0
depot_180_320,180,320,-0.3,10.0,1146.00,2185304.66,1772207.84,3957512.50,190690.00,180.0
depot_180_340,180,340,-0.3,10.0,1125.98,2147140.59,1780715.66,3927856.25,190690.00,180.0
depot_180_360,180,360,-0.3,10.0,1214.37,2315678.42,1790571.58,4106250.00,190690.00,183.0
depot_180_380,180,380,-0.3,10.0,1184.23,2258209.17,1798765.83,4056975.00,190690.00,184.0
depot_180_400,180,400,-0.3,10.0,1201.09,2290360.17,1805852.33,4096212.50,190690.00,184.0
depot_180_420,180,420,-0.3,10.0,1151.20,2195229.12,1808820.88,4004050.00,190690.00,178.0
depot_180_440,180,440,-0.3,10.0,1169.09,2229328.27,1813959.23,4043287.50,190690.00,180.0
depot_180_460,180,460,-0.3,10.0,1140.60,2175018.27,1815800.48,3990818.75,190690.00,179.0
depot_180_480,180,480,-0.3,10.0,1190.99,2271092.55,1818276.20,4089368.75,190690.00,184.0
depot_200_280,200,280,-0.3,10.0,1174.94,2240492.89,1758082.11,3998575.00,190690.00,181.0
depot_200_300,200,300,-0.3,10.0,1125.24,2145727.86,1764790.89,3910518.75,190690.00,175.0
depot_200_320,200,320,-0.3,10.0,1111.42,2119362.43,1775643.82,3895006.25,190690.00,178.0
depot_200_340,200,340,-0.3,10.0,1187.58,2264600.83,1786899.17,4051500.00,190690.00,182.0
depot_200_360,200,360,-0.3,10.0,1201.37,2290890.32,1798022.18,4088912.50,190690.00,187.0
depot_200_380,200,380,-0.3,10.0,1116.46,2128974.23,1803444.52,3932418.75,190690.00,180.0
depot_200_400,200,400,-0.3,10.0,1189.38,2268033.84,1812209.91,4080243.75,190690.00,182.0
depot_200_420,200,420,-0.3,10.0,1157.06,2206389.27,1818648.23,4025037.50,190690.00,181.0
depot_200_440,200,440,-0.3,10.0,1149.29,2191580.43,1823419.57,4015000.00,190690.00,180.0
depot_200_460,200,460,-0.3,10.0,1124.10,2143550.64,1825824.36,3969375.00,190690.00,179.0
depot_200_480,200,480,-0.3,10.0,1149.65,2192272.16,1826377.84,4018650.00,190690.00,180.0
depot_220_280,220,280,-0.3,10.0,1130.66,2156052.06,1759029.19,3915081.25,190690.00,177.0
depot_220_300,220,300,-0.3,10.0,1165.11,2221749.10,1771350.90,3993100.00,190690.00,182.0
depot_220_320,220,320,-0.3,10.0,1211.00,2309258.47,1781935.28,4091193.75,190690.00,184.0
depot_220_340,220,340,-0.3,10.0,1251.78,2387028.34,1794502.91,4181531.25,190690.00,190.0
depot_220_360,220,360,-0.3,10.0,1145.37,2184104.31,1800326.94,3984431.25,190690.00,182.0
depot_220_380,220,380,-0.3,10.0,1214.80,2316508.54,1812553.96,4129062.50,190690.00,188.0
depot_220_400,220,400,-0.3,10.0,1165.81,2223084.76,1819290.24,4042375.00,190690.00,184.0
depot_220_420,220,420,-0.3,10.0,1153.25,2199134.68,1827271.57,4026406.25,190690.00,183.0
depot_220_440,220,440,-0.3,10.0,1131.89,2158410.44,1832864.56,3991275.00,190690.00,181.0
depot_220_460,220,460,-0.3,10.0,1174.78,2240185.73,1838233.02,4078418.75,190690.00,184.0
depot_220_480,220,480,-0.3,10.0,1186.04,2261653.79,1837296.21,4098950.00,190690.00,182.0
depot_240_280,240,280,-0.3,10.0,1130.01,2154820.85,1760260.40,3915081.25,190690.00,176.0
depot_240_300,240,300,-0.3,10.0,1160.67,2213283.69,1773428.81,3986712.50,190690.00,182.0
depot_240_320,240,320,-0.3,10.0,1112.84,2122079.01,1782508.49,3904587.50,190690.00,180.0
depot_240_340,240,340,-0.3,10.0,1175.75,2242045.56,1793029.44,4035075.00,190690.00,181.0
depot_240_360,240,360,-0.3,10.0,1142.25,2178163.08,1802161.92,3980325.00,190690.00,179.0
depot_240_380,240,380,-0.3,10.0,1142.96,2179512.10,1812675.40,3992187.50,190690.00,181.0
depot_240_400,240,400,-0.3,10.0,1060.66,2022566.28,1820427.47,3842993.75,190690.00,176.0
depot_240_420,240,420,-0.3,10.0,1163.57,2218808.34,1831779.16,4050587.50,190690.00,181.0
depot_240_440,240,440,-0.3,10.0,1070.45,2041244.10,1839162.15,3880406.25,190690.00,178.0
depot_240_460,240,460,-0.3,10.0,1122.03,2139602.16,1845285.34,3984887.50,190690.00,178.0
depot_240_480,240,480,-0.3,10.0,1064.21,2029347.67,1844214.83,3873562.50,190690.00,176.0
depot_260_280,260,280,-0.3,10.0,1120.43,2136547.98,1762564.52,3899112.50,190690.00,179.0
depot_260_300,260,300,-0.3,10.0,1168.65,2228503.31,1775090.44,4003593.75,190690.00,184.0
depot_260_320,260,320,-0.3,10.0,1073.65,2047336.10,1781970.15,3829306.25,190690.00,177.0
depot_260_340,260,340,-0.3,10.0,1090.95,2080328.37,1791865.38,3872193.75,190690.00,176.0
depot_260_360,260,360,-0.3,10.0,1049.28,2000872.36,1800146.39,3801018.75,190690.00,172.0
depot_260_380,260,380,-0.3,10.0,1116.20,2128484.86,1812146.39,3940631.25,190690.00,176.0
depot_260_400,260,400,-0.3,10.0,1169.95,2230974.48,1826000.52,4056975.00,190690.00,184.0
depot_260_420,260,420,-0.3,10.0,1121.73,2139032.57,1834448.68,3973481.25,190690.00,180.0
depot_260_440,260,440,-0.3,10.0,1189.41,2268084.84,1845465.16,4113550.00,190690.00,182.0
depot_260_460,260,460,-0.3,10.0,1128.32,2151598.35,1855645.40,4007243.75,190690.00,183.0
depot_260_480,260,480,-0.3,10.0,1217.32,2321299.04,1856125.96,4177425.00,190690.00,184.0
depot_280_280,280,280,-0.3,10.0,1126.08,2147321.84,1761828.16,3909150.00,190690.00,178.0
depot_280_300,280,300,-0.3,10.0,1122.38,2140265.85,1771621.65,3911887.50,190690.00,177.0
depot_280_320,280,320,-0.3,10.0,1136.13,2166476.85,1782823.15,3949300.00,190690.00,179.0
depot_280_340,280,340,-0.3,10.0,1113.42,2123174.80,1791906.45,3915081.25,190690.00,177.0
depot_280_360,280,360,-0.3,10.0,1182.74,2255367.63,1804801.12,4060168.75,190690.00,183.0
depot_280_380,280,380,-0.3,10.0,1193.97,2276774.98,1815787.52,4092562.50,190690.00,185.0
depot_280_400,280,400,-0.3,10.0,1098.53,2094794.66,1822567.84,3917362.50,190690.00,178.0
depot_280_420,280,420,-0.3,10.0,1105.57,2108212.21,1832875.29,3941087.50,190690.00,179.0
depot_280_440,280,440,-0.3,10.0,1126.23,2147599.18,1842307.07,3989906.25,190690.00,179.0
depot_280_460,280,460,-0.3,10.0,1084.07,2067216.60,1849233.40,3916450.00,190690.00,177.0
depot_280_480,280,480,-0.3,10.0,1185.40,2260435.66,1852658.09,4113093.75,190690.00,184.0
depot_300_280,300,280,-0.3,10.0,1157.21,2206691.69,1760402.06,3967093.75,190690.00,178.0
depot_300_300,300,300,-0.3,10.0,1103.31,2103902.99,1769659.51,3873562.50,190690.00,176.0
depot_300_320,300,320,-0.3,10.0,1130.66,2156050.24,1780474.76,3936525.00,190690.00,178.0
depot_300_340,300,340,-0.3,10.0,1145.41,2184177.32,1791585.18,3975762.50,190690.00,180.0
depot_300_360,300,360,-0.3,10.0,1135.72,2165700.36,1800480.89,3966181.25,190690.00,179.0
depot_300_380,300,380,-0.3,10.0,1127.60,2150213.77,1810492.48,3960706.25,190690.00,179.0
depot_300_400,300,400,-0.3,10.0,1069.18,2038824.76,1818768.99,3857593.75,190690.00,177.0
depot_300_420,300,420,-0.3,10.0,1133.74,2161930.38,1828432.12,3990362.50,190690.00,179.0
depot_300_440,300,440,-0.3,10.0,1226.62,2339046.13,1838835.12,4177881.25,190690.00,185.0
depot_300_460,300,460,-0.3,10.0,1139.91,2173695.04,1841761.21,4015456.25,190690.00,181.0
depot_300_480,300,480,-0.3,10.0,1123.12,2141684.62,1839552.88,3981237.50,190690.00,176.0
depot_320_280,320,280,-0.3,10.0,1181.11,2252249.58,1758644.17,4010893.75,190690.00,179.0
depot_320_300,320,300,-0.3,10.0,1153.19,2199018.52,1769443.98,3968462.50,190690.00,181.0
depot_320_320,320,320,-0.3,10.0,1110.90,2118381.62,1776168.38,3894550.00,190690.00,175.0
depot_320_340,320,340,-0.3,10.0,1135.05,2164419.57,1788530.43,3952950.00,190690.00,181.0
depot_320_360,320,360,-0.3,10.0,1155.17,2202802.75,1798053.50,4000856.25,190690.00,181.0
depot_320_380,320,380,-0.3,10.0,1149.16,2191342.48,1807232.52,3998575.00,190690.00,182.0
depot_320_400,320,400,-0.3,10.0,1230.23,2345917.96,1816907.04,4162825.00,190690.00,185.0
depot_320_420,320,420,-0.3,10.0,1130.86,2156429.85,1821613.90,3978043.75,190690.00,179.0
depot_320_440,320,440,-0.3,10.0,1115.83,2127769.67,1826549.08,3954318.75,190690.00,177.0
depot_320_460,320,460,-0.3,10.0,1156.09,2204543.05,1831900.70,4036443.75,190690.00,181.0
depot_320_480,320,480,-0.3,10.0,1153.17,2198982.97,1831073.28,4030056.25,190690.00,179.0
