Depot,Objective weight,N_Drones, ROI, Profit, Costs, Revenue, Initial Costs
centre depot,-0.1,6.0, 686.13, 914155.82, 1618944.18, 2533100.00, 133234.00,115.0
centre depot,-0.1,7.0, 754.72, 1113953.66, 1659133.84, 2773087.50, 147598.00,126.0
centre depot,-0.1,8.0, 628.94, 1018642.83, 1695132.17, 2713775.00, 161962.00,128.0
centre depot,-0.1,9.0, 778.97, 1373529.21, 1737183.29, 3110712.50, 176326.00,143.0
centre depot,-0.1,10.0, 858.56, 1637189.90, 1776928.85, 3414118.75, 190690.00,153.0
centre depot,-0.1,11.0, 782.27, 1604074.93, 1812325.07, 3416400.00, 205054.00,154.0
centre depot,-0.1,12.0, 808.53, 1774058.51, 1852216.49, 3626275.00, 219418.00,164.0
centre depot,-0.1,13.0, 747.21, 1746838.32, 1888105.43, 3634943.75, 233782.00,166.0
centre depot,-0.1,14.0, 741.28, 1839466.03, 1926421.47, 3765887.50, 248146.00,173.0
centre depot,-0.1,15.0, 664.70, 1744903.16, 1959390.59, 3704293.75, 262510.00,169.0
centre depot,-0.1,16.0, 815.78, 2258692.62, 2004963.63, 4263656.25, 276874.00,191.0
centre depot,-0.1,17.0, 720.71, 2098983.24, 2036923.01, 4135906.25, 291238.00,185.0
