Depot,Objective weight,N_Drones, ROI, Profit, Costs, Revenue, Initial Costs
centre depot,0.2,10.0, 540.71, 1031084.19, 1770747.06, 2801831.25, 190690.00,130.0
centre depot,0.1,10.0, 609.07, 1161437.99, 1774074.51, 2935512.50, 190690.00,137.0
centre depot,0.0,10.0, 709.86, 1353628.63, 1775790.12, 3129418.75, 190690.00,141.0
centre depot,-0.10000000000000003,10.0, 660.91, 1260286.23, 1776057.52, 3036343.75, 190690.00,141.0
centre depot,-0.2,10.0, 565.97, 1079252.22, 1774591.53, 2853843.75, 190690.00,138.0
centre depot,-0.3,10.0, 443.87, 846424.49, 1768344.26, 2614768.75, 190690.00,125.0
centre depot,-0.4000000000000001,10.0, 163.94, 312611.08, 1755570.17, 2068181.25, 190690.00,99.0
centre depot,-0.5,10.0, 107.81, 205586.80, 1751725.70, 1957312.50, 190690.00,91.0
centre depot,-0.6000000000000001,10.0, -184.46, -351738.46, 1740107.21, 1388368.75, 190690.00,67.0
centre depot,-0.7,10.0, -453.48, -864746.69, 1727515.44, 862768.75, 190690.00,41.0
centre depot,-0.8,10.0, -628.35, -1198199.04, 1720149.04, 521950.00, 190690.00,26.0
centre depot,-0.9000000000000001,10.0, -715.81, -1364979.92, 1716292.42, 351312.50, 190690.00,18.0
centre depot,-1.0000000000000002,10.0, -788.72, -1504014.62, 1712977.12, 208962.50, 190690.00,11.0
centre depot,-1.1,10.0, -857.78, -1635700.71, 1709613.21, 73912.50, 190690.00,4.0
centre depot,-1.2000000000000002,10.0, -895.53, -1707690.97, 1707690.97, 0.00, 190690.00,0.0
centre depot,-1.3,10.0, -895.53, -1707690.97, 1707690.97, 0.00, 190690.00,0.0
centre depot,-1.4000000000000001,10.0, -895.53, -1707690.97, 1707690.97, 0.00, 190690.00,0.0
