Depot,Objective weight,N_Drones, ROI, Profit, Costs, Revenue, Initial Costs
centre depot,0.2,10.0, 783.22, 1493527.22, 1777785.28, 3271312.50, 190690.00,145.0
centre depot,0.1,10.0, 724.84, 1382202.22, 1776416.53, 3158618.75, 190690.00,142.0
centre depot,0.0,10.0, 733.25, 1398231.74, 1775443.26, 3173675.00, 190690.00,140.0
centre depot,-0.10000000000000003,10.0, 722.35, 1377457.40, 1778423.85, 3155881.25, 190690.00,146.0
centre depot,-0.2,10.0, 685.07, 1306367.48, 1776970.02, 3083337.50, 190690.00,143.0
centre depot,-0.3,10.0, 625.52, 1192797.70, 1775564.80, 2968362.50, 190690.00,140.0
centre depot,-0.4000000000000001,10.0, 377.97, 720754.73, 1764895.27, 2485650.00, 190690.00,118.0
centre depot,-0.5,10.0, 275.34, 525053.41, 1758934.09, 2283987.50, 190690.00,106.0
centre depot,-0.6000000000000001,10.0, -83.43, -159085.03, 1744097.53, 1585012.50, 190690.00,75.0
centre depot,-0.7,10.0, -329.79, -628871.06, 1733452.31, 1104581.25, 190690.00,53.0
centre depot,-0.8,10.0, -571.10, -1089027.21, 1722302.21, 633275.00, 190690.00,30.0
centre depot,-0.9000000000000001,10.0, -766.53, -1461704.92, 1713554.92, 251850.00, 190690.00,12.0
centre depot,-1.0000000000000002,10.0, -848.93, -1618831.61, 1709169.11, 90337.50, 190690.00,3.0
centre depot,-1.1,10.0, -877.13, -1672596.18, 1708183.68, 35587.50, 190690.00,1.0
centre depot,-1.2000000000000002,10.0, -877.13, -1672596.18, 1708183.68, 35587.50, 190690.00,1.0
centre depot,-1.3,10.0, -877.13, -1672596.18, 1708183.68, 35587.50, 190690.00,1.0
centre depot,-1.4000000000000001,10.0, -895.53, -1707690.97, 1707690.97, 0.00, 190690.00,0.0
