Depot,Objective weight,N_Drones, ROI, Profit, Costs, Revenue, Initial Costs
centre depot,-0.1,6.0, 451.05, 600955.16, 1615507.34, 2216462.50, 133234.00,108.0
centre depot,-0.1,7.0, 557.40, 822713.77, 1655636.23, 2478350.00, 147598.00,119.0
centre depot,-0.1,8.0, 555.01, 898904.33, 1692595.67, 2591500.00, 161962.00,123.0
centre depot,-0.1,9.0, 608.59, 1073103.55, 1731921.45, 2805025.00, 176326.00,132.0
centre depot,-0.1,10.0, 643.09, 1226315.27, 1771247.23, 2997562.50, 190690.00,141.0
centre depot,-0.1,11.0, 652.63, 1338239.18, 1808517.07, 3146756.25, 205054.00,146.0
centre depot,-0.1,12.0, 625.22, 1371852.64, 1846991.11, 3218843.75, 219418.00,153.0
centre depot,-0.1,13.0, 639.17, 1494270.30, 1884260.95, 3378531.25, 233782.00,158.0
centre depot,-0.1,14.0, 603.51, 1497582.40, 1920186.35, 3417768.75, 248146.00,160.0
centre depot,-0.1,15.0, 600.62, 1576692.77, 1956963.48, 3533656.25, 262510.00,164.0
centre depot,-0.1,16.0, 591.24, 1636999.66, 1994294.09, 3631293.75, 276874.00,169.0
centre depot,-0.1,17.0, 559.42, 1629252.37, 2030328.88, 3659581.25, 291238.00,171.0
