Depot,Objective weight,N_Drones, ROI, Profit, Costs, Revenue, Initial Costs
centre depot,-0.1,6.0, 629.47, 838673.56, 1615038.94, 2453712.50, 133234.00,107.0
centre depot,-0.1,7.0, 612.00, 903299.86, 1654437.64, 2557737.50, 147598.00,116.0
centre depot,-0.1,8.0, 713.17, 1155061.58, 1694675.92, 2849737.50, 161962.00,127.0
centre depot,-0.1,9.0, 802.40, 1414841.33, 1736477.42, 3151318.75, 176326.00,141.0
centre depot,-0.1,10.0, 732.68, 1397153.78, 1774239.97, 3171393.75, 190690.00,147.0
centre depot,-0.1,11.0, 668.81, 1371423.89, 1808638.61, 3180062.50, 205054.00,146.0
centre depot,-0.1,12.0, 793.75, 1741640.45, 1850872.05, 3592512.50, 219418.00,161.0
centre depot,-0.1,13.0, 733.68, 1715223.37, 1888239.13, 3603462.50, 233782.00,166.0
centre depot,-0.1,14.0, 702.03, 1742059.47, 1922540.53, 3664600.00, 248146.00,165.0
centre depot,-0.1,15.0, 722.87, 1897613.22, 1963174.28, 3860787.50, 262510.00,177.0
centre depot,-0.1,16.0, 666.44, 1845202.04, 1998247.96, 3843450.00, 276874.00,177.0
centre depot,-0.1,17.0, 640.66, 1865839.49, 2035098.01, 3900937.50, 291238.00,181.0
