Depot,Objective weight,N_Drones, ROI, Profit, Costs, Revenue, Initial Costs
centre depot,0.2,10.0, 662.45, 1263230.36, 1773113.39, 3036343.75, 190690.00,135.0
centre depot,0.1,10.0, 704.73, 1343852.91, 1775528.34, 3119381.25, 190690.00,140.0
centre depot,0.0,10.0, 852.21, 1625079.61, 1780826.64, 3405906.25, 190690.00,151.0
centre depot,-0.10000000000000003,10.0, 773.23, 1474480.64, 1779494.36, 3253975.00, 190690.00,148.0
centre depot,-0.2,10.0, 781.41, 1490078.23, 1778953.02, 3269031.25, 190690.00,147.0
centre depot,-0.3,10.0, 736.49, 1404412.62, 1778387.38, 3182800.00, 190690.00,146.0
centre depot,-0.4000000000000001,10.0, 427.71, 815593.96, 1765412.29, 2581006.25, 190690.00,119.0
centre depot,-0.5,10.0, 398.64, 760162.40, 1763356.35, 2523518.75, 190690.00,115.0
centre depot,-0.6000000000000001,10.0, -36.72, -70019.05, 1744456.55, 1674437.50, 190690.00,76.0
centre depot,-0.7,10.0, -287.85, -548893.61, 1732862.36, 1183968.75, 190690.00,52.0
centre depot,-0.8,10.0, -596.53, -1137517.79, 1719692.79, 582175.00, 190690.00,25.0
centre depot,-0.9000000000000001,10.0, -755.95, -1441520.52, 1712989.27, 271468.75, 190690.00,11.0
centre depot,-1.0000000000000002,10.0, -849.63, -1620163.90, 1709132.65, 88968.75, 190690.00,3.0
centre depot,-1.1,10.0, -866.62, -1652557.65, 1708676.40, 56118.75, 190690.00,2.0
centre depot,-1.2000000000000002,10.0, -866.62, -1652557.65, 1708676.40, 56118.75, 190690.00,2.0
centre depot,-1.3,10.0, -895.53, -1707690.97, 1707690.97, 0.00, 190690.00,0.0
centre depot,-1.4000000000000001,10.0, -895.53, -1707690.97, 1707690.97, 0.00, 190690.00,0.0
