Depot,Objective weight,N_Drones, ROI, Profit, Costs, Revenue, Initial Costs
centre depot,0.1,20.0, 1746.61, 5839448.38, 2300507.87, 8139956.25, 334330.00,369.0
centre depot,0.0,20.0, 1774.68, 5933271.34, 2301584.91, 8234856.25, 334330.00,372.0
centre depot,-0.1,20.0, 1813.00, 6061399.04, 2306682.21, 8368081.25, 334330.00,382.0
centre depot,-0.20000000000000004,20.0, 1771.26, 5921865.09, 2301128.66, 8222993.75, 334330.00,371.0
centre depot,-0.30000000000000004,20.0, 1856.20, 6205817.13, 2314651.62, 8520468.75, 334330.00,400.0
centre depot,-0.4,20.0, 1888.96, 6315360.13, 2312783.62, 8628143.75, 334330.00,395.0
centre depot,-0.5000000000000001,20.0, 1848.76, 6180973.01, 2311664.49, 8492637.50, 334330.00,393.0
centre depot,-0.6000000000000001,20.0, 1968.51, 6581305.26, 2319219.74, 8900525.00, 334330.00,409.0
centre depot,-0.7000000000000001,20.0, 1927.80, 6445221.22, 2321166.28, 8766387.50, 334330.00,413.0
centre depot,-0.8,20.0, 1943.79, 6498657.62, 2323848.63, 8822506.25, 334330.00,418.0
