Depot,Objective weight,N_Drones, ROI, Profit, Costs, Revenue, Initial Costs
centre depot,0.2,10.0, 593.11, 1131002.94, 1772115.81, 2903118.75, 190690.00,133.0
centre depot,0.1,10.0, 625.22, 1192225.52, 1774311.98, 2966537.50, 190690.00,138.0
centre depot,0.0,10.0, 529.52, 1009737.68, 1772018.57, 2781756.25, 190690.00,133.0
centre depot,-0.10000000000000003,10.0, 666.39, 1270743.52, 1777918.98, 3048662.50, 190690.00,145.0
centre depot,-0.2,10.0, 508.64, 969934.54, 1770302.96, 2740237.50, 190690.00,129.0
centre depot,-0.3,10.0, 472.12, 900286.30, 1768776.20, 2669062.50, 190690.00,126.0
centre depot,-0.4000000000000001,10.0, 293.46, 559606.87, 1759511.88, 2319118.75, 190690.00,107.0
centre depot,-0.5,10.0, 25.14, 47943.08, 1747856.92, 1795800.00, 190690.00,83.0
centre depot,-0.6000000000000001,10.0, -344.95, -657791.50, 1730891.50, 1073100.00, 190690.00,48.0
centre depot,-0.7,10.0, -400.60, -763903.28, 1728872.03, 964968.75, 190690.00,44.0
centre depot,-0.8,10.0, -620.21, -1182686.54, 1720149.04, 537462.50, 190690.00,26.0
centre depot,-0.9000000000000001,10.0, -843.15, -1607808.68, 1710008.68, 102200.00, 190690.00,5.0
centre depot,-1.0000000000000002,10.0, -876.63, -1671647.22, 1708603.47, 36956.25, 190690.00,2.0
centre depot,-1.1,10.0, -895.53, -1707690.97, 1707690.97, 0.00, 190690.00,0.0
centre depot,-1.2000000000000002,10.0, -895.53, -1707690.97, 1707690.97, 0.00, 190690.00,0.0
centre depot,-1.3,10.0, -895.53, -1707690.97, 1707690.97, 0.00, 190690.00,0.0
centre depot,-1.4000000000000001,10.0, -895.53, -1707690.97, 1707690.97, 0.00, 190690.00,0.0
