Depot,Objective weight,N_Drones, ROI, Profit, Costs, Revenue, Initial Costs
centre depot,-0.1,6.0, 465.83, 620646.83, 1613153.17, 2233800.00, 133234.00,103.0
centre depot,-0.1,7.0, 528.03, 779357.87, 1652454.63, 2431812.50, 147598.00,112.0
centre depot,-0.1,8.0, 559.77, 906611.96, 1691731.79, 2598343.75, 161962.00,121.0
centre depot,-0.1,9.0, 718.57, 1267021.96, 1733734.29, 3000756.25, 176326.00,136.0
centre depot,-0.1,10.0, 675.90, 1288870.14, 1770286.11, 3059156.25, 190690.00,139.0
centre depot,-0.1,11.0, 627.91, 1287558.97, 1808097.28, 3095656.25, 205054.00,145.0
centre depot,-0.1,12.0, 658.97, 1445898.84, 1846857.41, 3292756.25, 219418.00,153.0
centre depot,-0.1,13.0, 684.08, 1599244.26, 1885136.99, 3484381.25, 233782.00,160.0
centre depot,-0.1,14.0, 560.20, 1390101.87, 1917710.63, 3307812.50, 248146.00,155.0
centre depot,-0.1,15.0, 617.75, 1621667.05, 1957614.20, 3579281.25, 262510.00,165.0
centre depot,-0.1,16.0, 622.66, 1723985.40, 1995364.60, 3719350.00, 276874.00,171.0
centre depot,-0.1,17.0, 580.56, 1690797.50, 2030833.75, 3721631.25, 291238.00,172.0
